29815
29815
29815
29815
29815
29825
29835
29845
29855
29865
29875
29885
29895
29905
29915
29925
29935
29945
29955
29965
29975
29985
29995
30005
30015
30025
30035
30045
30055
30065
30075
30085
30095
30105
30115
30125
30135
30145
30155
30165
30175
30185
30195
30205
30215
30225
30235
30245
30255
30265
30275
30285
30295
30305
30315
30325
30335
30345
30355
30365
30375
30385
30395
30405
30415
30425
30435
30445
30455
30465
30475
30485
30495
30505
30515
30525
30535
30545
30555
30565
30575
30585
30595
30605
30615
30625
30635
30645
30655
30665
30675
30685
30695
30705
30715
30705
30695
30685
30675
30665
30655
30645
30635
30625
30615
30605
30595
30585
30575
30565
30555
30545
30535
30525
30515
30505
30495
30485
30475
30465
30455
30445
30435
30425
30415
30405
30395
30385
30375
30365
30355
30345
30335
30325
30315
30305
30295
30285
30275
30265
30255
30245
30235
30225
30215
30205
30195
30185
30175
30165
30155
30145
30134
30125
30114
30105
30095
30084
30075
30064
30055
30045
30034
30025
30014
30005
29995
29984
29975
29964
29955
29945
29934
29925
29914
29905
29895
29884
29875
29864
29855
29845
29834
29825
29814
29805
29795
29784
29775
29764
29755
29745
29734
29725
29714
29715
29715
29715
29715
29715
29715
29715
29715
29715
29715
29715
29715
29715
29715
29715
29715
29715
29715
29715
29715
29715
29815
29815
29815
29815
29815
29825
29835
29845
29855
29865
29875
29885
29895
29905
29915
29925
29935
29945
29955
29965
29975
29985
29995
30005
30015
30025
30035
30045
30055
30065
30075
30085
30095
30105
30115
30125
30135
30145
30155
30165
30175
30185
30195
30205
30215
30225
30235
30245
30255
30265
30275
30285
30295
30305
30315
30325
30335
30345
30355
30365
30375
30385
30395
30405
30415
30425
30435
30445
30455
30465
30475
30485
30495
30505
30515
30525
30535
30545
30555
30565
30575
30585
30595
30605
30615
30625
30635
30645
30655
30665
30675
30685
30695
30705
30715
30705
30695
30685
30675
30665
30655
30645
30635
30625
30615
30605
30595
30585
30575
30565
30555
30545
30535
30525
30515
30505
30495
30485
30475
30465
30455
30445
30435
30425
30415
30405
30395
30385
30375
30365
30355
30345
30335
30325
30315
30305
30295
30285
30275
30265
30255
30245
30235
30225
30215
30205
30195
30185
30175
30165
30155
30145
30134
30125
30114
30105
30095
30084
30075
30064
30055
30045
30034
30025
30014
30005
29995
29984
29975
29964
29955
29945
29934
29925
29914
29905
29895
29884
29875
29864
29855
29845
29834
29825
29814
29805
29795
29784
29775
29764
29755
29745
29734
29725
29714
29715
29715
29715
29715
29715
29715
29715
29715
29715
29715
29715
29715
29715
29715
29715
29715
29715
29715
29715
29715
29715
